Batch:614742
FaceValue:100000
StartDate:20151113
StopDate:20221112

61476205226 3141037529662119
61476205227 3757198935961250
61476205228 3323818295950860
61476205229 3868258289703223
61476205230 3969269533601697
61476205231 3434928865081112
61476205232 3767283765040142
61476205233 3404623600053640
61476205234 3929821068669553
61476205235 3333900094204174
61476205236 3464226867687798
61476205237 3020811135174413
61476205238 3353118748648653
61476205239 3181483974049863
61476205240 3171360658105165
61476205241 3969289591974510
61476205242 3898584106051556
61476205243 3777350797457973
61476205244 3303664043835853
61476205245 3767247915625800
61476205246 3272326296803519
61476205247 3333980828592787
61476205248 3464209766176630
61476205249 3919747814797536
61476205250 3424883504518133
61476205251 3040083373939973
61476205252 3838923275906634
61476205253 3676399873974196
61476205254 3101695177369835
61476205255 3090518989996451
61476205256 3212748919884579
61476205257 3656152597562569
61476205258 3454181850273904
61476205259 3060245914458419
61476205260 3333992164687083
61476205261 3212743409167394
61476205262 3464232865878340
61476205263 3080452767883408
61476205264 3424863064311617
61476205265 3070332918513092
61476205266 3343030942478413
61476205267 3232976175262759
61476205268 3515738300774194
61476205269 3161267888941000
61476205270 3818705165988038
61476205271 3212760144841234
61476205272 3323807040693005
61476205273 3828833979425817
61476205274 3373344248880210
61476205275 3585445123365062
61476205276 3080490140786415
61476205277 3404680798301387
61476205278 3686427225500155
61476205279 3373331246845152
61476205280 3373384612579676
61476205281 3010719779363048
61476205282 3696567285486930
61476205283 3404688399697928
61476205284 3202679328829733
61476205285 3969206050488525
61476205286 3616791219976379
61476205287 3262274237530527
61476205288 3010734891407446
61476205289 3636907137940902
61476205290 3363278826396842
61476205291 3202676193726830
61476205292 3777386539130495
61476205293 3040094174241829
61476205294 3040084401508046
61476205295 3434947290581616
61476205296 3535928796626153
61476205297 3020885562938762
61476205298 3535902595121973
61476205299 3363287794327773
61476205300 3616743134835835
61476205301 3191577944465216
61476205302 3151150887322341
61476205303 3666273708027371
61476205304 3626834976573958
61476205305 3959142091490445
61476205306 3868204396731496
61476205307 3575307927956389
61476205308 3000681337851715
61476205309 3161211444175031
61476205310 3131972714252114
61476205311 3909685438241108
61476205312 3252132289502222
61476205313 3595570869446205
61476205314 3090518924758766
61476205315 3767241862365996
61476205316 3212772887751105
61476205317 3111735109498420
61476205318 3989486622817224
61476205319 3323888234741251
61476205320 3282438601914360
61476205321 3181441388693953
61476205322 3989466638094068
61476205323 3393598481230173
61476205324 3919725003238619
61476205325 3111721194856457
