Batch:614459
FaceValue:10000
StartDate:20151113
StopDate:20221112

61475932294 3666555635470472
61475932295 3202957755066748
61475932296 3484716466756847
61475932297 3464546558876448
61475932298 3202948897522873
61475932299 3565558032357221
61475932300 3929193877051005
61475932301 3484788919687773
61475932302 3616077327409461
61475932303 3010035713827480
61475932304 3838286745612724
61475932305 3212059546217360
61475932306 3565550855041921
61475932307 3727120352725129
61475932308 3070686825962149
61475932309 3181755621495311
61475932310 3717048467040987
61475932311 3848372344855224
61475932312 3222169238658043
61475932313 3878636863637959
61475932314 3676617686521763
61475932315 3111086127228589
61475932316 3949332548937814
61475932317 3646380274141500
61475932318 3515081636568573
61475932319 3919049551618259
61475932320 3787791208594919
61475932321 3474686288227480
61475932322 3262567189993526
61475932323 3303960839226360
61475932324 3191880612057443
61475932325 3303978506588129
61475932326 3161572949816707
61475932327 3363548094597000
61475932328 3181715507712358
61475932329 3616047768042754
61475932330 3212002345607588
61475932331 3464549407936505
61475932332 3303961819556840
61475932333 3111085606565124
61475932334 3222188313034103
61475932335 3323114885468513
61475932336 3868578325717952
61475932337 3606987600171861
61475932338 3959401652249500
61475932339 3717015132377814
61475932340 3020176634569376
61475932341 3454453029636766
61475932342 3323189492979801
61475932343 3767520378485230
61475932344 3000940074720380
61475932345 3737275741754907
61475932346 3888787905039616
61475932347 3424141257416459
61475932348 3131272981276214
61475932349 3373666088610728
61475932350 3020178547330174
61475932351 3757465211794511
61475932352 3747386709068795
61475932353 3808940023860322
61475932354 3989798946272017
61475932355 3020132652483329
61475932356 3585777869604892
61475932357 3868562495439582
61475932358 3797830870122274
61475932359 3818036252380174
61475932360 3343317539792076
61475932361 3595899358608400
61475932362 3999889797987844
61475932363 3272686082213634
61475932364 3919063267198892
61475932365 3838210371588109
61475932366 3545392423634731
61475932367 3323108487220601
61475932368 3656489590012211
61475932369 3898879311604148
61475932370 3373675132567081
61475932371 3030208082852844
61475932372 3262549963265677
61475932373 3545398221538269
61475932374 3141317677708561
61475932375 3000929722942144
61475932376 3757439930085528
61475932377 3626129762699511
61475932378 3666523189327379
61475932379 3212022654812124
61475932380 3101931433894019
61475932381 3878672316055564
61475932382 3717031953388337
61475932383 3000957023578542
61475932384 3515011556839101
61475932385 3585728225620443
61475932386 3525101872259404
61475932387 3323141560216702
61475932388 3494813864225020
61475932389 3313037218382645
61475932390 3878685356767476
61475932391 3696852541623685
61475932392 3787750465563622
61475932393 3232286672364946
61475932394 3131266919581513
61475932395 3979671306007964
61475932396 3999849499538643
61475932397 3383720295959010
61475932398 3262516908598233
61475932399 3676616336555801
61475932400 3131211289633159
61475932401 3383798889659338
61475932402 3585782505601564
61475932403 3636219096124940
61475932404 3222161608266944
61475932405 3353422350592840
61475932406 3939294858721390
61475932407 3111057261119242
61475932408 3696883856036243
61475932409 3303955294819684
61475932410 3303993532084879
61475932411 3838270939709103
61475932412 3050408501309545
61475932413 3717007353610785
61475932414 3545320169842937
61475932415 3888750901491545
61475932416 3121174903475317
61475932417 3606996831880663
61475932418 3525175348977989
61475932419 3636262510734737
61475932420 3282750533888910
61475932421 3303953617148304
61475932422 3676662202845530
61475932423 3232292112394022
61475932424 3696883991784116
61475932425 3616057258325804
61475932426 3505968209302683
61475932427 3030238768792893
61475932428 3656495465535008
61475932429 3000908746192243
61475932430 3616002824493345
61475932431 3494826890978345
61475932432 3555431327897302
61475932433 3515046568251031
61475932434 3272608147748736
61475932435 3969553812314041
61475932436 3555408230530484
61475932437 3353476284818632
61475932438 3525128891580879
61475932439 3777607839251520
61475932440 3989752789118240
61475932441 3212051239088039
61475932442 3818066580108798
61475932443 3333289464673742
61475932444 3373630667339674
61475932445 3313063408994601
61475932446 3484725498931278
61475932447 3343355860262399
61475932448 3414002479555455
61475932449 3202973601488471
61475932450 3464530744638614
61475932451 3979670007938253
61475932452 3232238147635174
61475932453 3686781122642797
61475932454 3000907062782961
61475932455 3565583542291108
61475932456 3676695628966184
61475932457 3101915979739293
61475932458 3888795248700298
61475932459 3989758711912409
61475932460 3717002602634462
61475932461 3646385717656235
61475932462 3484734150068549
61475932463 3333253240615604
61475932464 3555424179205376
61475932465 3070677454509890
61475932466 3919053741925925
61475932467 3878653726946104
61475932468 3565575641462755
61475932469 3585730030933795
61475932470 3505973064597839
61475932471 3717036084374784
61475932472 3010071696990932
61475932473 3646361808733884
61475932474 3525188827592884
61475932475 3898880670346289
61475932476 3747354712958960
61475932477 3646305718891521
61475932478 3171667554220439
61475932479 3858438574350549
61475932480 3595803663013850
61475932481 3808989461217848
61475932482 3464500120184187
61475932483 3080704543305238
61475932484 3717043780632133
61475932485 3626175349148678
61475932486 3535207803206961
61475932487 3444326456609902
61475932488 3898856438852475
61475932489 3181758727393405
61475932490 3575610328160160
61475932491 3242396347646276
61475932492 3727165345421157
61475932493 3929145062807949
61475932494 3707967000472999
61475932495 3595894854116709
61475932496 3454456412434998
61475932497 3989771933124995
61475932498 3959489565488550
61475932499 3565516131153670
61475932500 3080759412767853
61475932501 3494880551889913
61475932502 3202916474251837
61475932503 3373637403983212
61475932504 3616047326881318
61475932505 3222157082994769
61475932506 3444361703867647
61475932507 3808905387010499
61475932508 3474666762160313
61475932509 3909977792130902
61475932510 3686774789146679
61475932511 3646368422581842
61475932512 3393890315518650
61475932513 3454445310809305
61475932514 3868568725549538
61475932515 3010098525722113
61475932516 3030247360668090
61475932517 3191896627076233
61475932518 3474687528204710
61475932519 3242318870110007
61475932520 3696829348584709
61475932521 3585774646172061
61475932522 3101965148516136
61475932523 3484762146725632
61475932524 3848366207716802
61475932525 3090813692884497
61475932526 3191821468597006
61475932527 3575653245382764
61475932528 3282729397009923
61475932529 3909995170631596
61475932530 3828149528310620
61475932531 3999845525283482
61475932532 3727149218440769
61475932533 3151404575894185
61475932534 3323140606906562
61475932535 3797853827134428
61475932536 3737267426638565
61475932537 3737291489446324
61475932538 3303936658173292
61475932539 3828136706227168
61475932540 3606965845806873
61475932541 3303966229486184
61475932542 3202904134956513
61475932543 3949399107579257
61475932544 3151449430663251
61475932545 3909984927777684
61475932546 3101953707510565
61475932547 3686718010730953
61475932548 3949303938368141
61475932549 3525109637737020
61475932550 3909995447539029
61475932551 3939274197729619
61475932552 3323186957756089
61475932553 3848302591343337
61475932554 3474626940569448
61475932555 3505969881047238
61475932556 3252424761382954
61475932557 3585740587810101
61475932558 3333259691221425
61475932559 3676610533687743
61475932560 3969586271976627
61475932561 3303956912966056
61475932562 3565535903259211
61475932563 3606916837225386
61475932564 3707925819722173
61475932565 3212088780616485
61475932566 3070687137744840
61475932567 3252476086157714
61475932568 3989719976565133
61475932569 3909900889503645
61475932570 3212036157314134
61475932571 3686775793642126
61475932572 3696815797999695
61475932573 3868538558211327
61475932574 3303946465348071
61475932575 3111086875585261
61475932576 3525118094870681
61475932577 3080747809608330
61475932578 3808987474434579
61475932579 3121186100885431
61475932580 3858443780414601
61475932581 3303957280685525
61475932582 3232245486948057
61475932583 3222135907465798
61475932584 3868585924327457
61475932585 3828192925118715
61475932586 3595849516490136
61475932587 3808966041706763
61475932588 3181725956861484
61475932589 3323140033715013
61475932590 3000918301042681
61475932591 3292802992279656
61475932592 3777628194315275
61475932593 3333266509077122
61475932594 3979652643572369
61475932595 3636274022017334
61475932596 3979642699635087
61475932597 3878643490849978
61475932598 3606902524857838
61475932599 3989767390736137
61475932600 3828138557224390
61475932601 3737239391788677
61475932602 3787765600272820
61475932603 3343343599122659
61475932604 3111014063912021
61475932605 3484789040211886
61475932606 3676606246793187
61475932607 3545353673625367
61475932608 3808910440046127
61475932609 3393844507200919
61475932610 3010052972210876
61475932611 3444303798767141
61475932612 3434263665263154
61475932613 3242383873953898
61475932614 3696838238743825
61475932615 3656494707610179
61475932616 3616006306420472
61475932617 3131233609361510
61475932618 3525174438514224
61475932619 3525158870215930
61475932620 3070687864398614
61475932621 3232278246046788
61475932622 3707990909388421
61475932623 3525187827733914
61475932624 3303998092351979
61475932625 3343324146241689
61475932626 3525123829559322
61475932627 3939200432710955
61475932628 3070672982521494
61475932629 3323167883231067
61475932630 3050410373675963
61475932631 3232210770633496
61475932632 3050423995675663
61475932633 3555445744680418
61475932634 3212099600063850
61475932635 3272693071716455
61475932636 3434217660438362
61475932637 3868556977565884
61475932638 3000995449799753
61475932639 3696854246104431
61475932640 3242368340487376
61475932641 3767545958788320
61475932642 3828143074894832
61475932643 3878699608351254
61475932644 3282777990272276
61475932645 3151477184287998
61475932646 3141300263500467
61475932647 3222152771273715
61475932648 3262599269300680
61475932649 3222182353164740
61475932650 3242333283005415
61475932651 3787749273838531
61475932652 3585783903325667
61475932653 3555425358563714
61475932654 3696886483155313
61475932655 3595868103105200
61475932656 3393877952265046
61475932657 3424129962865576
61475932658 3434273194056757
61475932659 3121104778049171
61475932660 3111097828424196
61475932661 3121116563619839
61475932662 3535218564206918
61475932663 3474609566703660
61475932664 3838284779371216
61475932665 3898826353111997
61475932666 3262503647732563
61475932667 3999871088919808
61475932668 3939217986011900
61475932669 3292858198346262
61475932670 3969595957965274
61475932671 3606916286356806
61475932672 3323165233163809
61475932673 3020157747569585
61475932674 3050425447110991
61475932675 3232227389419546
61475932676 3737209495178438
61475932677 3050480882206933
61475932678 3919048730601431
61475932679 3828191047150290
61475932680 3797848735558094
61475932681 3111008607563003
61475932682 3979604990635301
61475932683 3222185846022375
61475932684 3595883835953851
61475932685 3242301683327671
61475932686 3151462465409206
61475932687 3666513315463797
61475932688 3585763454900351
61475932689 3010044434918301
61475932690 3545361528018916
61475932691 3818065519917990
61475932692 3939247543547506
61475932693 3989733357799183
61475932694 3484776136977167
61475932695 3818033679388533
61475932696 3525142843203200
61475932697 3818028770466055
61475932698 3393819583199183
61475932699 3272606941180671
61475932700 3828129604558048
61475932701 3090847135038629
61475932702 3202918739749959
61475932703 3040340998780323
61475932704 3161532446447689
61475932705 3656429715280249
61475932706 3212064329842137
61475932707 3181706289448166
61475932708 3787788042840196
61475932709 3818099435148955
61475932710 3949363206828743
61475932711 3727150550170175
61475932712 3353450445266787
61475932713 3717019436509340
61475932714 3575647078604045
61475932715 3606971453471252
61475932716 3595807849863727
61475932717 3535204866153945
61475932718 3474635485703384
61475932719 3737241032906601
61475932720 3828160600792366
61475932721 3939215286148765
61475932722 3595835799019982
61475932723 3454436484347019
61475932724 3545333251464963
61475932725 3717080865038191
61475932726 3292832698732210
61475932727 3444347957369417
61475932728 3272661949726230
61475932729 3363549606942417
61475932730 3323152559617876
61475932731 3020136573850702
61475932732 3353409202055833
61475932733 3000913490931736
61475932734 3060547350917592
61475932735 3464578318987735
61475932736 3373611410716373
61475932737 3121124484694455
61475932738 3555486551183738
61475932739 3060508217560768
61475932740 3818036183914187
61475932741 3313065817286105
61475932742 3030259048546584
61475932743 3303971144369975
61475932744 3676643353451030
61475932745 3454488641106866
61475932746 3131290594425108
61475932747 3959419197069590
61475932748 3626181022890298
61475932749 3797860786453941
61475932750 3969540500667389
61475932751 3515024326702737
61475932752 3747376968696326
61475932753 3797889736189803
61475932754 3919055237609471
61475932755 3919005805173149
61475932756 3474692640326443
61475932757 3535236929806410
61475932758 3666568302874471
61475932759 3909912026278636
61475932760 3989741833354805
61475932761 3151479354734256
61475932762 3727111452346595
61475932763 3333241235381289
61475932764 3111090556466726
61475932765 3010088956011882
61475932766 3373651933346302
61475932767 3797802395425007
61475932768 3050421218390510
61475932769 3050402043574421
61475932770 3595833679608120
61475932771 3757415039397379
61475932772 3393821400161517
61475932773 3909917663265313
61475932774 3373671197234297
61475932775 3828150707495219
61475932776 3999876525128875
61475932777 3686738316621408
61475932778 3606932069751102
61475932779 3050466355408306
61475932780 3484701809910643
61475932781 3555436093736974
61475932782 3444339460581147
61475932783 3979655175035378
61475932784 3888795308757551
61475932785 3727194639376510
61475932786 3848395916188986
61475932787 3484760548201482
61475932788 3333234328228115
61475932789 3111052750703826
61475932790 3898803751994226
61475932791 3070626223172418
61475932792 3969529084809159
61475932793 3454481302349531
