
Batch:614743
FaceValue:20000
StartDate:20151113
StopDate:20221112





61476331352 3444984507402941
61476331353 3464185514507993
61476331354 3070250617659065
61476331355 3252046110623869
61476331356 3040927995744620
61476331357 3909559715219791
61476331358 3191497602124417
61476331359 3515665520286853
61476331360 3898482381965214
61476331361 3969100650458782
61476331362 3878221614839101
61476331363 3828713498157761
61476331364 3393437662936935
61476331365 3141971603534534
61476331366 3949917761152426
61476331367 3212607330843095
61476331368 3848982509422737
61476331369 3121762201928240
61476331370 3282300851383530
61476331371 3121736035954032
61476331372 3848940987665781
61476331373 3191443926268084
61476331374 3656015692605871
61476331375 3797482319697833
61476331376 3282386147828051
61476331377 3080361885689979
61476331378 3545918969527245
61476331379 3070223241445461
61476331380 3050046199733409
61476331381 3666181511695938
61476331382 3686321356684888
61476331383 3252076974237472
61476331384 3080360983899117
61476331385 3181363084413210
61476331386 3999430636645132
61476331387 3808534664025705
61476331388 3272261047964940
61476331389 3353077057001296
61476331390 3131838940214048
61476331391 3666182523252992
61476331392 3858018567018315
61476331393 3979239827446200
61476331394 3181357262057745
61476331395 3848938418254052
61476331396 3818694400356268
61476331397 3747986664955558
61476331398 3919653279742822
61476331399 3818615884752085
61476331400 3545912259080776
61476331401 3575245621458184
61476331402 3999481224968872
61476331403 3151050253632479
61476331404 3333872436401476
61476331405 3131875805451389
61476331406 3565125324700672
61476331407 3979207886966045
61476331408 3393473643002304
61476331409 3575223831041959
61476331410 3070231034379931
61476331411 3393406386903001
61476331412 3040931918961706
61476331413 3000530709294036
61476331414 3878247116342876
61476331415 3808560579636124
61476331416 3474255400774377
61476331417 3747988743507337
61476331418 3313668723650066
61476331419 3444916726219520
61476331420 3717677925562550
61476331421 3959090403543797
61476331422 3050016097964688
61476331423 3595431581943184
61476331424 3787332354331545
61476331425 3484367582009057
61476331426 3161134649478896
61476331427 3484394882035653
61476331428 3010668878167077
61476331429 3323740099611191
61476331430 3707599472809325
61476331431 3787355504213056
61476331432 3303551208085251
61476331433 3101542745793567
61476331434 3949987455612233
61476331435 3060129427250456
61476331436 3353037691826061
61476331437 3808570391203854
61476331438 3555006357554630
61476331439 3202599918739332
61476331440 3121756600208389
61476331441 3868152404828509
61476331442 3919638459908565
61476331443 3787367884740096
61476331444 3373221183549546
61476331445 3080373712193970
61476331446 3646967621360687
61476331447 3040908245606418
61476331448 3030804641140369
61476331449 3737839352083822
61476331450 3585348367039112
61476331451 3757020818987028
61476331452 3606508580140208
61476331453 3181318204969233
61476331454 3070204768639082
61476331455 3545911494538737
61476331456 3010610510758690
61476331457 3686348824342437
61476331458 3494435422672964
61476331459 3080333463873062
61476331460 3282326452940350
61476331461 3262125338768809
61476331462 3343955784489685
61476331463 3555038363471879
61476331464 3616658461573479
61476331465 3666109186629052
61476331466 3454002021779870
61476331467 3868129027824297
61476331468 3737880520060453
61476331469 3595455039340622
61476331470 3717648269325018
61476331471 3777273116576459
61476331472 3121728092294477
61476331473 3353022501875952
61476331474 3151012167521480
61476331475 3333886783610090
61476331476 3464158205667241
61476331477 3292483242040572
61476331478 3808536931792717
61476331479 3939857349386909
61476331480 3101517008129137
61476331481 3343925896709840
61476331482 3484383330979892
61476331483 3090484413298723
61476331484 3484355951987988
61476331485 3151095304519541
61476331486 3383376289421890
61476331487 3080344210557968
61476331488 3575239080946340
61476331489 3050080910821998
61476331490 3333880925331102
61476331491 3323789205067607
61476331492 3434839115290334
61476331493 3343927331663158
61476331494 3343936147722755
61476331495 3212658497813586
61476331496 3515682075438244
61476331497 3717616735735339
61476331498 3545926218827295
61476331499 3171233303275246
61476331500 3686333485164903
61476331501 3262153534977165
61476331502 3474247351082288
61476331503 3434851693702531
61476331504 3737840482398240
61476331505 3191448882722621
61476331506 3404582425748288
61476331507 3929732949754727
61476331508 3858035709306223
61476331509 3333857256943070
61476331510 3434801010200505
61476331511 3989378503016285
61476331512 3787355491977195
61476331513 3545923829273698
61476331514 3363194610474453
61476331515 3707523760855407
61476331516 3949934386883313
61476331517 3020758566676067
61476331518 3929717053273609
61476331519 3424724583334260
61476331520 3525732703287605
61476331521 3797496302545363
61476331522 3717613256807265
61476331523 3959077167954774
61476331524 3060115603652664
61476331525 3828730592086446
61476331526 3141915011755839
61476331527 3838841056564604
61476331528 3343992696843804
61476331529 3020723057445086
61476331530 3838820441687643
61476331531 3595405161495107
61476331532 3282393801954158
61476331533 3060174013431807
61476331534 3696452130815143
61476331535 3434837565361320
61476331536 3363136652771119
61476331537 3585356949719610
61476331538 3757072368372453
61476331539 3191448979518266
61476331540 3575245985426238
61476331541 3707563932773516
61476331542 3838860389410880
61476331543 3787381431408949
61476331544 3727793594334096
61476331545 3040978627001637
61476331546 3505509232159476
61476331547 3343908713253863
61476331548 3212698666921695
61476331549 3707521851139083
61476331550 3838810344054080
61476331551 3707505256387656
61476331552 3121701795464795
61476331553 3353013110136090
61476331554 3838885700870469
61476331555 3101596219836968
61476331556 3323775606713086
61476331557 3595436670293899
61476331558 3303573034393591
61476331559 3606554426696117
61476331560 3444911216484453
61476331561 3424717750408298
61476331562 3585309280910314
61476331563 3101500042053119
61476331564 3323792768933863
61476331565 3212639511174413
61476331566 3828751109841789
61476331567 3121750404782715
61476331568 3363136088242795
61476331569 3252059900788899
61476331570 3888346109994542
61476331571 3585360986908649
61476331572 3848994268337556
61476331573 3090499643980807
61476331574 3565124932667612
61476331575 3787368848806561
61476331576 3131884976680168
61476331577 3949956805417022
61476331578 3656008723685103
61476331579 3636833210759292
61476331580 3282328109962665
61476331581 3525744955101467
61476331582 3313633455130147
61476331583 3404552901889509
61476331584 3222768747763343
61476331585 3474238210365357
61476331586 3646988244043712
61476331587 3676253820918750
61476331588 3434889488565811
61476331589 3494415605022548
61476331590 3808583013766675
61476331591 3292461720300034
61476331592 3353034387072760
61476331593 3000524812140098
61476331594 3686365507311334
61476331595 3444910500725868
61476331596 3545988230481455
61476331597 3818656312607743
61476331598 3404572649180883
61476331599 3525724479539537
61476331600 3242940526753401
61476331601 3828739614754454
61476331602 3313642431863975
61476331603 3000553520383272
61476331604 3656090823205729
61476331605 3080312343601108
61476331606 3303531336640786
61476331607 3030864319920743
61476331608 3303547810757577
61476331609 3909592325618538
61476331610 3141920841900305
61476331611 3535847197191620
61476331612 3646901127055985
61476331613 3343958090703336
61476331614 3898418245998439
61476331615 3696410392225009
61476331616 3606525529744718
61476331617 3181394906997373
61476331618 3909543353951084
61476331619 3696491232676435
61476331620 3666198219350297
61476331621 3757051759403839
61476331622 3464166439809102
61476331623 3232818506731993
61476331624 3141935502523483
61476331625 3737879324871796
61476331626 3353041598896964
61476331627 3828729636687348
61476331628 3151090638916449
61476331629 3080317656696030
61476331630 3070207997789535
61476331631 3000591593799908
61476331632 3232863339510523
61476331633 3232860418563140
61476331634 3434895873408087
61476331635 3262144453091993
61476331636 3646938537536852
61476331637 3444969782038088
61476331638 3202547751020458
61476331639 3373246831873092
61476331640 3171240430771322
61476331641 3232895715738216
61476331642 3252098635011659
61476331643 3383366526692300
61476331644 3393434925748639
61476331645 3787396516859675
61476331646 3929734998980201
61476331647 3323764741819185
61476331648 3454070359403308
61476331649 3969164075250671
61476331650 3929746765502711
61476331651 3989378484993706
61476331652 3303516623940020
61476331653 3222786249539164
61476331654 3141968609518520
61476331655 3757079064958353
61476331656 3454027564657641
61476331657 3070292724376880
61476331658 3191402625657704
61476331659 3292444720197362
61476331660 3585395966580833
61476331661 3414650952359402
61476331662 3171255331678186
61476331663 3969132689009122
61476331664 3434852835005145
61476331665 3595417742123337
61476331666 3252099560022953
61476331667 3444937450743058
61476331668 3777264476388728
61476331669 3161170952714420
61476331670 3454017729320316
61476331671 3090493826980689
61476331672 3323788758678572
61476331673 3858085189403888
61476331674 3656006844451928
61476331675 3141981519510909
61476331676 3858007631372522
61476331677 3181323329060444
61476331678 3959015702445996
61476331679 3414673305229601
61476331680 3848951572317108
61476331681 3969143943262640
61476331682 3656082815806997
61476331683 3777249543696674
61476331684 3595494574675379
61476331685 3090461653533790
61476331686 3070231881378366
61476331687 3373203614010688
61476331688 3181355504561103
61476331689 3272239326171010
61476331690 3999410516796114
61476331691 3252072721004504
61476331692 3747981225575778
61476331693 3656064399911607
61476331694 3545972425968042
61476331695 3080339401116853
61476331696 3777222003161441
61476331697 3111644450374904
61476331698 3090458259167071
61476331699 3707513442409327
61476331700 3848961085677947
61476331701 3363145819877417
61476331702 3555025886803962
61476331703 3646971354201486
61476331704 3181344722024589
61476331705 3272231933172359
61476331706 3383366653308728
61476331707 3585357072023294
61476331708 3868179014278530
61476331709 3696487646562608
61476331710 3888374660253335
61476331711 3060141344289059
61476331712 3080335719601577
61476331713 3010678132741911
61476331714 3525778397948338
61476331715 3565149560444039
61476331716 3888369638101262
61476331717 3404551569428656
61476331718 3474207600342656
61476331719 3313624165286626
61476331720 3454035568563006
61476331721 3595400795362637
61476331722 3161131957972900
61476331723 3414672605505837
61476331724 3686362988856899
61476331725 3545919190836093
61476331726 3323757449178545
61476331727 3000550129271752
61476331728 3616671301194603
61476331729 3242948766777086
61476331730 3646973791498713
61476331731 3151052899934782
61476331732 3212629850340030
61476331733 3767199241358403
61476331734 3090489261701331
61476331735 3050025799968786
61476331736 3000516740032301
61476331737 3303568344996067
61476331738 3484381894621505
61476331739 3717668639591145
61476331740 3303546105619646
61476331741 3262140646225959
61476331742 3959067853372767
61476331743 3797424611517036
61476331744 3393486279997730
61476331745 3505516072893262
61476331746 3888353721131861
61476331747 3989366817226291
61476331748 3505576335054631
61476331749 3292424628519124
61476331750 3929708944785155
61476331751 3050066488150469
61476331752 3545945396490167
61476331753 3454092461562919
61476331754 3555028088306981
61476331755 3787309673610971
61476331756 3909571200084922
61476331757 3797405964345961
61476331758 3131893464344541
61476331759 3555037891567505
61476331760 3303550564483438
61476331761 3424742849232829
61476331762 3707543727382796
61476331763 3171208757681334
61476331764 3868190833257106
61476331765 3646913298513049
61476331766 3010634800231912
61476331767 3888344073140389
61476331768 3090409621073855
61476331769 3767106024833699
61476331770 3747939089224516
61476331771 3101506001985143
61476331772 3414686113542642
61476331773 3202528586608955
61476331774 3383333156232858
61476331775 3181326971200351
61476331776 3000576143456093
61476331777 3696418236308407
61476331778 3979207290798091
61476331779 3585370134899113
61476331780 3747995529330944
61476331781 3353042445935967
61476331782 3979236391153164
61476331783 3818630268769376
61476331784 3929760547016019
61476331785 3707512784208523
61476331786 3808555865578940
61476331787 3828767743396002
61476331788 3737844066609530
61476331789 3585331135969217
61476331790 3242945853796261
61476331791 3454070938170147
61476331792 3919632257938037
61476331793 3141987598768459
61476331794 3484344390229338
61476331795 3000537042283033
61476331796 3303572475244977
61476331797 3757015031623269
61476331798 3161171507004955
61476331799 3909558354237021
61476331800 3696476620329124
61476331801 3383361653704593
61476331802 3777221025142686
61476331803 3656014144657426
61476331804 3838814036757355
61476331805 3494423870022717
61476331806 3696487562384795
61476331807 3959012477052385
61476331808 3121773221712011
61476331809 3343906716160067
61476331810 3353084918062061
61476331811 3999426657491700
61476331812 3292454495813466
61476331813 3939846758085164
61476331814 3777221279108062
61476331815 3101511451389481
61476331816 3707541008103302
61476331817 3484374993061764
61476331818 3555089335817829
61476331819 3404561554760266
61476331820 3676280485019265
61476331821 3464159853000355
61476331822 3737840157665909
61476331823 3636810779914483
61476331824 3282357157126171
61476331825 3151043774459377
61476331826 3363106926632437
61476331827 3363160768931477
61476331828 3909522077842748
61476331829 3000544993710338
61476331830 3080310956415903
61476331831 3232880721728566
61476331832 3101538613123883
61476331833 3969178576822374
61476331834 3999427432595917
61476331835 3181376106221442
61476331836 3969138578911551
61476331837 3717639681403112
61476331838 3686348845367876
61476331839 3484365678755166
61476331840 3686391184600222
61476331841 3353000255697051
61476331842 3494482223035468
61476331843 3747905960097891
61476331844 3151027870034759
61476331845 3323756795633409
61476331846 3404516187359689
61476331847 3909506397889378
61476331848 3676286019449805
61476331849 3040996118483188
61476331850 3555073669421778
61476331851 3343952269251592
