Batch:614461
FaceValue:50000
StartDate:20151113
StopDate:20221112

61476113768 3525944655950522
61476113769 3969353933167417
61476113770 3313843740213032
61476113771 3111820985923176
61476113772 3939013341866340
61476113773 3828998281238570
61476113774 3434019067535286
61476113775 3383508641404385
61476113776 3202760674893015
61476113777 3414826054543086
61476113778 3666383986799872
61476113779 3747105646460312
61476113780 3474454887005832
61476113781 3060374766593794
61476113782 3898676629489170
61476113783 3888545886374654
61476113784 3131017956380432
61476113785 3060305800401872
61476113786 3141153684980526
61476113787 3111883851010920
61476113788 3555231299016423
61476113789 3959273360503607
61476113790 3161336451518371
61476113791 3282538310129287
61476113792 3434030773487719
61476113793 3303774857717578
61476113794 3717823318324900
61476113795 3222954384939402
61476113796 3000726567212341
61476113797 3707784354704882
61476113798 3363362812689488
61476113799 3676446436410290
61476113800 3454248794978201
61476113801 3212810705915096
61476113802 3737026819584459
61476113803 3141163723318937
61476113804 3696648785645354
61476113805 3525901370155976
61476113806 3686594489071929
61476113807 3242169333062611
61476113808 3858287405697701
61476113809 3111838694586855
61476113810 3282522748245816
61476113811 3171456038771045
61476113812 3474485741340565
61476113813 3353296695252410
61476113814 3535001887416775
61476113815 3363327874104180
61476113816 3929949372909759
61476113817 3565377063776081
61476113818 3636003974167941
61476113819 3070470495948466
61476113820 3949168119469762
61476113821 3323984145160010
61476113822 3141170094605928
61476113823 3606746808400174
61476113824 3333006775815219
61476113825 3949180095542736
61476113826 3818819366824656
61476113827 3505792439522855
61476113828 3777493450804230
61476113829 3808718501296517
61476113830 3343156391933246
61476113831 3999601683739502
61476113832 3161305673007971
61476113833 3545117766967242
61476113834 3868372656309986
61476113835 3979407612751907
61476113836 3848147066427247
61476113837 3424936046275138
61476113838 3343192682409834
61476113839 3494650158839498
61476113840 3636028901551515
61476113841 3686531021549030
61476113842 3545144924452263
61476113843 3969338788042360
61476113844 3343145445258502
61476113845 3949191675994823
61476113846 3404799052097287
61476113847 3323958969667460
61476113848 3575400861189566
61476113849 3161353832792295
61476113850 3070409221216714
61476113851 3808714035197860
61476113852 3777441761502614
61476113853 3202786689560804
61476113854 3707742822306604
61476113855 3929994718054323
61476113856 3373419862023702
61476113857 3262362186045428
61476113858 3202743361104901
61476113859 3505795583322012
61476113860 3202761354209244
61476113861 3515865638116194
61476113862 3282530159800120
61476113863 3181567802642487
61476113864 3787527069578749
61476113865 3434026018130340
61476113866 3434090869666628
61476113867 3181586515343327
61476113868 3383598697005668
61476113869 3787590598802756
61476113870 3929915873974451
61476113871 3828954493209412
61476113872 3878444281424862
61476113873 3323990535311937
61476113874 3292644456816070
61476113875 3434074636700265
61476113876 3696650858203420
61476113877 3898615195773349
61476113878 3393665203465622
61476113879 3212833752894885
61476113880 3111823414329383
61476113881 3212889507451988
61476113882 3525973600856574
61476113883 3666382814114430
61476113884 3777466266293568
61476113885 3373421921893877
61476113886 3070452241825978
61476113887 3707763844322569
61476113888 3444158677237231
61476113889 3949196144442269
61476113890 3595699756051842
61476113891 3131019556995815
61476113892 3151274141958538
61476113893 3090617104731808
61476113894 3737049442981621
61476113895 3191627790092572
61476113896 3696655424253728
61476113897 3727962469609907
61476113898 3222932710247401
61476113899 3313857629449220
61476113900 3060374760741334
61476113901 3212834484023426
61476113902 3242147964676105
61476113903 3818850333485028
61476113904 3949162091367878
61476113905 3666321446028034
61476113906 3131025322639829
61476113907 3383575829576790
61476113908 3070411842927397
61476113909 3616881634208907
61476113910 3808796067829763
61476113911 3323996485896214
61476113912 3191609447261235
61476113913 3161311913812121
61476113914 3484557666218934
61476113915 3373454659708338
61476113916 3292606733839439
61476113917 3373404804287398
61476113918 3090612566341121
61476113919 3444164593787151
61476113920 3999672121123142
61476113921 3030066732303591
61476113922 3515807638078809
61476113923 3595663589360596
61476113924 3626919299047316
61476113925 3010835063352224
61476113926 3161388577629690
61476113927 3919832131258537
61476113928 3323933940951944
61476113929 3272430294057797
61476113930 3343174519498603
61476113931 3282573518127645
61476113932 3565363910321951
61476113933 3393667518029055
61476113934 3646166451913239
61476113935 3111837216810008
61476113936 3989597271395743
61476113937 3020959678170609
61476113938 3252283883615811
61476113939 3969341847786367
61476113940 3252232177846554
61476113941 3797684108985544
61476113942 3040157202551463
61476113943 3151253079831266
61476113944 3848159756406213
61476113945 3393684122191176
61476113946 3595600329874842
61476113947 3898675435290936
61476113948 3151296272631738
61476113949 3838059291490795
61476113950 3171490550292047
61476113951 3989543180290283
61476113952 3919878732661127
61476113953 3494640189004220
61476113954 3969342726987056
61476113955 3666383834665278
61476113956 3131097293857378
61476113957 3323938623746587
61476113958 3141123448340955
61476113959 3555209511037910
61476113960 3141164273088034
61476113961 3585541354453030
61476113962 3565302448569180
61476113963 3585558695281328
61476113964 3797614357015439
61476113965 3171439744706175
61476113966 3030016077262181
61476113967 3818876071846143
61476113968 3808700676080204
61476113969 3414844695641330
61476113970 3262396785585784
61476113971 3484587635167879
61476113972 3090627412746244
61476113973 3000781463966757
61476113974 3010803031148037
61476113975 3070463764385716
61476113976 3636090942381039
61476113977 3707732912481237
61476113978 3222906981575011
61476113979 3454210622082050
61476113980 3999679760819836
61476113981 3111853372532214
61476113982 3707769376359699
61476113983 3303756200428195
61476113984 3383573048212491
61476113985 3595669072407260
61476113986 3030036822986408
61476113987 3919844151485034
61476113988 3424997320742049
61476113989 3474414986135468
61476113990 3505701392196675
61476113991 3141147135874233
61476113992 3595632060581400
61476113993 3818875197776522
61476113994 3818806701895284
61476113995 3181558164966742
61476113996 3979447615946540
61476113997 3343190195160926
61476113998 3909747203680595
61476113999 3494652735820341
61476114000 3848137994276487
61476114001 3434027689404406
61476114002 3636026653550571
61476114003 3797690411843573
61476114004 3545111230791292
61476114005 3898658557342287
61476114006 3595615161066591
61476114007 3555211825370976
61476114008 3313840037646719
61476114009 3525918618482988
61476114010 3666343147137644
61476114011 3393645325282419
61476114012 3111806324413383
61476114013 3414841656941352
61476114014 3060395299626105
61476114015 3414821888545860
61476114016 3191635411672434
61476114017 3292642503261568
61476114018 3696697352584057
61476114019 3929953860997796
61476114020 3919821115025317
61476114021 3343177351986192
61476114022 3262341196889150
61476114023 3737090092411375
61476114024 3888561795130378
61476114025 3393608613436608
61476114026 3171495477250487
61476114027 3080598386310169
61476114028 3242183872585330
61476114029 3646164666672003
61476114030 3878487395905199
61476114031 3232033011900515
61476114032 3727944280402931
61476114033 3262308299809203
61476114034 3838035067089243
61476114035 3494647390332757
61476114036 3565335470863497
61476114037 3171438868183807
61476114038 3333025131499367
61476114039 3858210342280972
61476114040 3171454408511106
61476114041 3494674728874588
61476114042 3535092353040795
61476114043 3969336246636359
61476114044 3575421634092294
61476114045 3232059378234935
61476114046 3151262053131244
61476114047 3434082733156089
61476114048 3525966538750667
61476114049 3262361171433068
61476114050 3707751972229831
61476114051 3131009750066783
61476114052 3010844988292058
61476114053 3323976693737756
61476114054 3050270311117990
61476114055 3686581198707289
61476114056 3656260277753355
61476114057 3535000918934912
61476114058 3252289543095374
61476114059 3434030619181060
61476114060 3898672337030019
61476114061 3818845371447280
61476114062 3171459487998536
61476114063 3828957395257831
61476114064 3090632796793513
61476114065 3363339605641754
61476114066 3676440341541098
61476114067 3808720046931717
